A, 0.09354601603896745, 0.09916733404276326, 0.10214913387381655, 0.10715610018320845, 0.11302535297796014, 0.11052406393645849, 0.1067896832797604, 0.10382104812787292, 0.09975974460522419
R, 0.05192807696949086, 0.05148706021743662, 0.053384968130505854, 0.056366767961559136, 0.058953627417638474, 0.05941658530163571, 0.05945169111274451, 0.06007920748631422, 0.058729827871819906
D, 0.061253058045264555, 0.061127993593189475, 0.05907869186971356, 0.05956578499884809, 0.04970544030366526, 0.04923151185369653, 0.04669731111428039, 0.04597325376016149, 0.04969227562449947
N, 0.03910348534880914, 0.03843428082454774, 0.036468355402455216, 0.03602953276359527, 0.03284806863186072, 0.03636084385593453, 0.03682599585312606, 0.03793621712944171, 0.039682731232104265
C, 0.010689719482628108, 0.011012254122190163, 0.010667778350685112, 0.01024870273057387, 0.01038912597500905, 0.011049554046493259, 0.011413776836747007, 0.011323818195780721, 0.011117571555516549
E, 0.07783835968097594, 0.07859971695939794, 0.08068631860717694, 0.08653143615679133, 0.08946715961076432, 0.08537513850339538, 0.07483900694436826, 0.07014579882176121, 0.07259881737298828
Q, 0.039851677948065344, 0.03961471372308097, 0.040319024058451176, 0.04258993121455136, 0.045383037310894866, 0.04593814794905269, 0.04455366252344958, 0.04244073151733898, 0.04143143944796112
G, 0.05828003466698847, 0.05353855605410683, 0.04621241209834016, 0.04118569877019956, 0.03484471163867344, 0.05294614549164591, 0.05566245762618893, 0.05786534727326583, 0.061033646725834584
H, 0.021447456474279508, 0.02108762191041436, 0.020699263875023313, 0.020613693460445625, 0.020883569383344486, 0.022059614055489122, 0.02200256711243733, 0.021980625980494335, 0.022562065976983754
I, 0.056296556339341546, 0.05657301460182331, 0.058694722060711114, 0.05602668041644268, 0.057836823801739934, 0.05705133127818064, 0.059633802507871383, 0.060147224995337506, 0.05713251346636973
L, 0.09885576996917271, 0.10435641174728204, 0.11018617050453633, 0.10983072416705977, 0.1189362939234035, 0.11810033679637533, 0.12093074281702193, 0.11888144109354602, 0.11155310302458504
K, 0.054146325408927845, 0.053817208429782895, 0.056296556339341546, 0.060599212313363245, 0.0645003455728281, 0.06464296293045758, 0.06489967417419065, 0.06634998299562274, 0.06682171733239718
M, 0.020067359275065002, 0.02044255263129025, 0.02093183987361908, 0.02050179368753634, 0.02202670235757463, 0.02214518447006681, 0.02231413118602789, 0.02178534990620166, 0.020624664026417123
F, 0.03949842572378309, 0.039408467082816805, 0.039268043838381624, 0.03749520037738747, 0.04071835265981372, 0.0408851052625805, 0.04205676170833653, 0.041549921560453305, 0.03977488398626485
P, 0.03956205500641778, 0.037381106491283886, 0.03540859872960846, 0.031233201320856142, 0.02389389268592367, 0.010562460917358726, 0.01814970434324707, 0.024822002567112436, 0.03125514245279914
S, 0.057439689313571685, 0.056465503055302624, 0.0544688600484899, 0.05569536932410343, 0.048437242877360044, 0.049137164986341644, 0.04679385209482957, 0.047976479106557106, 0.050234221583491494
T, 0.05184689478130177, 0.05024738626265729, 0.04766052680657795, 0.04567046613934813, 0.04097725801674108, 0.04040459447302886, 0.04047700020844076, 0.040950928658409484, 0.042179632047217315
W, 0.01333362588175924, 0.013669325200487093, 0.01405548912268384, 0.01382949546367097, 0.014325365045582702, 0.013438943315085626, 0.013000120676225687, 0.012811426941515913, 0.01197985804087633
Y, 0.0322359110506511, 0.032176669994405015, 0.03196384101455794, 0.03117396026461005, 0.033442673307515935, 0.03317279738461707, 0.033602843570699814, 0.03339440281724134, 0.03261329852007065
V, 0.06421072263118054, 0.06282404309238314, 0.06283062543196603, 0.05908746832249076, 0.060836176538347615, 0.05898873322874727, 0.06133643434664794, 0.06119601110221276, 0.06065406514322074
A, 0.07229154459900321, 0.0685257119709497, 0.06666521993880341, 0.06353594757058223, 0.05974841402457991, 0.06157129113228156, 0.06405676960135413, 0.06596211019726135, 0.06859949509197573
R, 0.04756696541597043, 0.047963368850502376, 0.04676981836331677, 0.044867371223136075, 0.043238355649110626, 0.04297939136158793, 0.043077768856289285, 0.04277395600500568, 0.043814153338686226
D, 0.054651591762331544, 0.0547080141489985, 0.055952200111398044, 0.055584731234131206, 0.062024116953480465, 0.06227729432955014, 0.06380648568101098, 0.06418697510904711, 0.06167400881057269
N, 0.04139088416773363, 0.04174822594995768, 0.04293020261423725, 0.043192060357486455, 0.04529270921493313, 0.04293743625355353, 0.04265532432021874, 0.04199127623098457, 0.040922144340038914
C, 0.01276013975391159, 0.012574958587414914, 0.012807881773399015, 0.013101567529639837, 0.013036464775793349, 0.012615466967586062, 0.012382543781601961, 0.012473687636987045, 0.012600999688953509
E, 0.057167451516532485, 0.05679564245567587, 0.05557894432267818, 0.051802984599581894, 0.049861475807093304, 0.05264208676026996, 0.05962544215620321, 0.0627605014358774, 0.06120960916646774
Q, 0.03200740724665987, 0.03218680150170352, 0.03169346730033347, 0.030162829221009383, 0.028315357739632386, 0.02792184776082695, 0.028837626498267543, 0.030272780538616782, 0.03096720991297932
G, 0.0783678016246754, 0.08142907778332356, 0.08637399361993012, 0.08975644336422098, 0.09397076162988362, 0.08204683058093358, 0.08024276093545424, 0.07878301252142966, 0.07670406458193181
H, 0.023457245574821147, 0.023716209862343844, 0.02398096106131956, 0.024041723631576282, 0.023862329376532626, 0.023083989786101284, 0.02316500654644358, 0.02317802709721288, 0.022806218036356272
I, 0.05787345471380106, 0.057990639670724736, 0.056639395846444306, 0.058353768364401815, 0.05703869273670276, 0.05734105886012312, 0.055476226644387054, 0.054891748587631926, 0.05666254349225639
L, 0.08652300658984542, 0.08331561091700845, 0.07975666037340046, 0.08011255542776126, 0.07424318048653458, 0.07486961365132412, 0.07308145801234059, 0.07447031676106566, 0.07920256360177369
K, 0.05450547224814276, 0.05476877671925522, 0.05297772762454518, 0.05019422321564202, 0.047782527867595466, 0.047864991355801016, 0.047801335329817785, 0.04696223316912972, 0.04692027806109532
M, 0.016463763083845114, 0.015154474367599082, 0.014865128794948026, 0.015193536019906976, 0.014241589085885, 0.014209761072893384, 0.014096916299559472, 0.014438344075287718, 0.015187749108453955
F, 0.04037817466345493, 0.04061254457730229, 0.04077457809798688, 0.04200140332602736, 0.039864586271999305, 0.03976186859370818, 0.03893723371165267, 0.03920921854994466, 0.0403564737455061
P, 0.04734272259716586, 0.04859848238247144, 0.04962276570965619, 0.052131391824540844, 0.056869425576701896, 0.06557294040204567, 0.060561475083729374, 0.056231418589006314, 0.05217334693257525
S, 0.05589577772473109, 0.056297968070716055, 0.057446669994140755, 0.05649906324370854, 0.06119514188783519, 0.06067142640133678, 0.062290314880319435, 0.061513422017751354, 0.06010864926253047
T, 0.05181166496676143, 0.05281569410386059, 0.05437382001258653, 0.05551528829669495, 0.05845069913123992, 0.05872557742525842, 0.05864022048132636, 0.05829879270559812, 0.05735986632234544
W, 0.012773160304680889, 0.012640061341261402, 0.012427392345362876, 0.012615466967586062, 0.01232178121134524, 0.012936640553228735, 0.013233219765196067, 0.013385126190837872, 0.0139406696903279
Y, 0.03447263152564687, 0.03466504633145982, 0.03484878077009324, 0.035399984085993506, 0.03394312912769543, 0.034154351395730705, 0.03392576839333637, 0.03409937573692701, 0.03455509501385242
V, 0.07297005996686994, 0.07416361045405553, 0.07418531137200438, 0.07660858054295697, 0.07537018149201044, 0.07648705540244352, 0.07477702306807578, 0.07478859689098181, 0.0749057818479055